{
 "cells": [
  {
   "cell_type": "markdown",
   "metadata": {},
   "source": [
    "# Erasmus Neural Networks\n",
    "http://michalbereta.pl/nn\n",
    "## MNIST database\n"
   ]
  },
  {
   "cell_type": "markdown",
   "metadata": {},
   "source": [
    "## Before you start\n",
    "\n",
    "Exacute the examples.\n",
    "\n",
    "Then, do the tasks and send back the notebook.\n",
    "\n",
    "Change the name of this notebook according to the schema: {YourSurname}\\_{YourFirstName}\\_{OriginalFileName}.\n",
    "\n",
    "Be sure to fill all places with \"YOUR ANSWER HERE\".\n",
    "\n",
    "When ready, send the notebook, with all the necessary files zipped, to the teacher."
   ]
  },
  {
   "cell_type": "markdown",
   "metadata": {},
   "source": [
    "### How to save an object (the network) to file with pickle"
   ]
  },
  {
   "cell_type": "code",
   "execution_count": 1,
   "metadata": {},
   "outputs": [
    {
     "name": "stdout",
     "output_type": "stream",
     "text": [
      "[[0.454 0.89 ]\n",
      " [0.37  0.804]\n",
      " [0.474 0.788]\n",
      " [0.206 0.338]\n",
      " [0.18  0.216]\n",
      " [0.272 0.258]\n",
      " [0.688 0.398]\n",
      " [0.614 0.294]\n",
      " [0.708 0.306]]\n",
      "[0 0 0 1 1 1 2 2 2]\n",
      "\n",
      "dloss: 1.0992303419844034\n",
      "erate: 0.6666666666666666\n",
      "errors: 6\n",
      "[1 1 1 1 1 1 1 1 1]\n",
      "starting learning...\n",
      "\n",
      "iteration 1\n",
      "probs:\n",
      " [[0.36824771 0.30345546 0.32829683]\n",
      " [0.36488835 0.30715127 0.32796039]\n",
      " [0.36406226 0.30519783 0.33073991]\n",
      " [0.34640479 0.32084777 0.33274745]\n",
      " [0.34160887 0.32405508 0.33433605]\n",
      " [0.34314245 0.32104006 0.33581749]\n",
      " [0.34799574 0.30863045 0.34337381]\n",
      " [0.34401043 0.3124634  0.34352616]\n",
      " [0.34430802 0.31008085 0.34561114]]\n",
      "dloss: 1.068586887428207\n",
      "erate: 0.5555555555555556\n",
      "errors: 5\n",
      "[0 0 0 0 0 0 0 0 2]\n",
      "\n",
      "iteration 2\n",
      "probs:\n",
      " [[0.39295281 0.28436559 0.32268161]\n",
      " [0.38671428 0.29119118 0.32209454]\n",
      " [0.38473509 0.28767712 0.32758779]\n",
      " [0.35154438 0.31697481 0.33148081]\n",
      " [0.34246192 0.32304221 0.33449587]\n",
      " [0.34511778 0.31733956 0.33754266]\n",
      " [0.35292627 0.29414266 0.35293107]\n",
      " [0.34561085 0.30121846 0.35317069]\n",
      " [0.34581141 0.29677334 0.35741524]]\n",
      "dloss: 1.041907407711461\n",
      "erate: 0.3333333333333333\n",
      "errors: 3\n",
      "[0 0 0 0 0 0 2 2 2]\n",
      "\n",
      "iteration 3\n",
      "probs:\n",
      " [[0.41206221 0.2716551  0.31628269]\n",
      " [0.40322746 0.28120069 0.31557185]\n",
      " [0.39994595 0.27638278 0.32367127]\n",
      " [0.35251012 0.31785478 0.32963509]\n",
      " [0.33948452 0.32650424 0.33401123]\n",
      " [0.34304868 0.3183329  0.33861842]\n",
      " [0.35279606 0.28541206 0.36179188]\n",
      " [0.34256675 0.29529426 0.36213899]\n",
      " [0.34246396 0.28898377 0.36855227]]\n",
      "dloss: 1.0168864374904585\n",
      "erate: 0.3333333333333333\n",
      "errors: 3\n",
      "[0 0 0 0 0 0 2 2 2]\n",
      "\n",
      "iteration 4\n",
      "probs:\n",
      " [[0.4281369  0.2622659  0.3095972 ]\n",
      " [0.41686531 0.27430504 0.30882965]\n",
      " [0.41222726 0.26833549 0.31943726]\n",
      " [0.35131639 0.32124496 0.32743865]\n",
      " [0.33459086 0.33233806 0.33307108]\n",
      " [0.33895864 0.32178766 0.3392537 ]\n",
      " [0.35011728 0.27962851 0.37025421]\n",
      " [0.33725022 0.29207064 0.37067914]\n",
      " [0.3367405  0.28397967 0.37927983]]\n",
      "dloss: 0.9928852335762297\n",
      "erate: 0.3333333333333333\n",
      "errors: 3\n",
      "[0 0 0 0 0 2 2 2 2]\n",
      "\n",
      "iteration 5\n",
      "probs:\n",
      " [[0.44252729 0.25467318 0.30279953]\n",
      " [0.42891345 0.26906342 0.30202313]\n",
      " [0.42291026 0.26204725 0.3150425 ]\n",
      " [0.34900938 0.32600184 0.32498878]\n",
      " [0.32876999 0.33946594 0.33176407]\n",
      " [0.33389147 0.32656836 0.33954017]\n",
      " [0.34617941 0.27539742 0.37842317]\n",
      " [0.33087471 0.29024204 0.37888325]\n",
      " [0.32990558 0.2804069  0.38968752]]\n",
      "dloss: 0.9697086573133422\n",
      "erate: 0.2222222222222222\n",
      "errors: 2\n",
      "[0 0 0 0 1 2 2 2 2]\n",
      "\n",
      "iteration 6\n",
      "probs:\n",
      " [[0.45593014 0.24808844 0.29598142]\n",
      " [0.44003782 0.26472623 0.29523595]\n",
      " [0.43268289 0.25674569 0.31057142]\n",
      " [0.34612746 0.33151722 0.32235532]\n",
      " [0.3225284  0.34731094 0.33016066]\n",
      " [0.32838014 0.33207256 0.3395473 ]\n",
      " [0.34163668 0.27199845 0.38636486]\n",
      " [0.3240536  0.28913153 0.38681487]\n",
      " [0.3225979  0.2775678  0.3998343 ]]\n",
      "dloss: 0.9472844293278578\n",
      "erate: 0.2222222222222222\n",
      "errors: 2\n",
      "[0 0 0 0 1 2 2 2 2]\n",
      "\n",
      "iteration 7\n",
      "probs:\n",
      " [[0.46870151 0.24209508 0.28920341]\n",
      " [0.4505816  0.26089483 0.28852357]\n",
      " [0.44189926 0.25202    0.30608074]\n",
      " [0.34294841 0.33745824 0.31959334]\n",
      " [0.31612589 0.35555454 0.32831957]\n",
      " [0.32269677 0.33797132 0.33933191]\n",
      " [0.33682067 0.26904974 0.39412959]\n",
      " [0.31709595 0.28837926 0.39452479]\n",
      " [0.31513931 0.2750943  0.4097664 ]]\n",
      "dloss: 0.9255755346248802\n",
      "erate: 0.2222222222222222\n",
      "errors: 2\n",
      "[0 0 0 0 1 2 2 2 2]\n",
      "\n",
      "iteration 8\n",
      "probs:\n",
      " [[0.48102253 0.23647032 0.28250715]\n",
      " [0.460722   0.25735456 0.28192344]\n",
      " [0.45074224 0.24764809 0.30160967]\n",
      " [0.33961711 0.34363878 0.31674412]\n",
      " [0.30969684 0.3640164  0.32628677]\n",
      " [0.31698101 0.34408117 0.33893782]\n",
      " [0.33190035 0.26634548 0.40175417]\n",
      " [0.31015757 0.28779114 0.40205129]\n",
      " [0.30769247 0.27278982 0.41951772]]\n",
      "dloss: 0.9045555085873076\n",
      "erate: 0.0\n",
      "errors: 0\n",
      "[0 0 0 1 1 1 2 2 2]\n",
      "\n",
      "iteration 9\n",
      "probs:\n",
      " [[0.49298497 0.23109428 0.27592074]\n",
      " [0.47055114 0.25398912 0.27545974]\n",
      " [0.45930714 0.24350842 0.29718444]\n",
      " [0.33621045 0.3499526  0.31383695]\n",
      " [0.30331159 0.37259175 0.32409666]\n",
      " [0.31130507 0.35029785 0.33839708]\n",
      " [0.32696278 0.26377364 0.40926357]\n",
      " [0.30331712 0.28726182 0.40942106]\n",
      " [0.30034    0.27054918 0.42911082]]\n",
      "dloss: 0.8842012754763279\n",
      "erate: 0.0\n",
      "errors: 0\n",
      "[0 0 0 1 1 1 2 2 2]\n",
      "\n",
      "iteration 10\n",
      "probs:\n",
      " [[0.50463522 0.2259023  0.26946248]\n",
      " [0.48011748 0.25073544 0.26914708]\n",
      " [0.46764438 0.23953375 0.29282187]\n",
      " [0.33277028 0.35633774 0.31089198]\n",
      " [0.29700752 0.38121793 0.32177455]\n",
      " [0.30570656 0.35656086 0.33773258]\n",
      " [0.32205353 0.26127302 0.41667345]\n",
      " [0.2966141  0.28673424 0.41665166]\n",
      " [0.29312405 0.26831671 0.43855924]]\n",
      "dloss: 0.8644910392679948\n",
      "erate: 0.0\n",
      "errors: 0\n",
      "[0 0 0 1 1 1 2 2 2]\n",
      "\n",
      "iteration 11\n",
      "probs:\n",
      " [[0.51599669 0.22085945 0.26314387]\n",
      " [0.48944709 0.24755941 0.2629935 ]\n",
      " [0.47578134 0.23568636 0.2885323 ]\n",
      " [0.32932016 0.36275696 0.30792288]\n",
      " [0.29080482 0.38985592 0.31933925]\n",
      " [0.30020513 0.36283423 0.33696065]\n",
      " [0.31719697 0.25881018 0.42399285]\n",
      " [0.29006796 0.28617799 0.42375405]\n",
      " [0.28606605 0.26606385 0.4478701 ]]\n",
      "dloss: 0.8454036672355233\n",
      "erate: 0.0\n",
      "errors: 0\n",
      "[0 0 0 1 1 1 2 2 2]\n",
      "\n",
      "iteration 12\n",
      "probs:\n",
      " [[0.52708133 0.21594687 0.25697179]\n",
      " [0.49855457 0.24444276 0.25700268]\n",
      " [0.48373351 0.23194473 0.28432176]\n",
      " [0.32587397 0.369187   0.30493903]\n",
      " [0.28471451 0.39848029 0.31680521]\n",
      " [0.29481093 0.36909589 0.33609319]\n",
      " [0.31240646 0.2563671  0.43122644]\n",
      " [0.28368774 0.28557737 0.43073489]\n",
      " [0.27917666 0.26377697 0.45704636]]\n",
      "dloss: 0.826918522730191\n",
      "erate: 0.0\n",
      "errors: 0\n",
      "[0 0 0 1 1 1 2 2 2]\n",
      "\n",
      "iteration 13\n",
      "probs:\n",
      " [[0.53789559 0.21115433 0.25095008]\n",
      " [0.50744867 0.24137584 0.25117549]\n",
      " [0.49151027 0.22829622 0.28019351]\n",
      " [0.32244034 0.37561262 0.30194704]\n",
      " [0.27874262 0.4070734  0.31418398]\n",
      " [0.28952903 0.37533169 0.33513927]\n",
      " [0.30768957 0.25393429 0.43837614]\n",
      " [0.27747694 0.28492497 0.43759809]\n",
      " [0.2724608  0.26145071 0.46608849]]\n",
      "dloss: 0.8090154333111285\n",
      "erate: 0.0\n",
      "errors: 0\n",
      "[0 0 0 1 1 1 2 2 2]\n",
      "\n",
      "iteration 14\n",
      "probs:\n",
      " [[0.54844336 0.20647615 0.24508049]\n",
      " [0.51613523 0.23835374 0.24551103]\n",
      " [0.49911784 0.22473309 0.27614907]\n",
      " [0.31902503 0.38202322 0.29895175]\n",
      " [0.27289241 0.4156223  0.31148529]\n",
      " [0.28436169 0.38153215 0.33410616]\n",
      " [0.30305067 0.25150704 0.44544229]\n",
      " [0.27143602 0.28421798 0.44434601]\n",
      " [0.26592016 0.25908426 0.47499558]]\n",
      "dloss: 0.7916746977992691\n",
      "erate: 0.0\n",
      "errors: 0\n",
      "[0 0 0 1 1 1 2 2 2]\n",
      "\n",
      "iteration 15\n",
      "probs:\n",
      " [[0.55872756 0.20190907 0.23936337]\n",
      " [0.5246187  0.23537407 0.24000724]\n",
      " [0.50656084 0.22125034 0.27218882]\n",
      " [0.31563211 0.38841093 0.29595696]\n",
      " [0.2671655  0.42411687 0.30871763]\n",
      " [0.27930954 0.38769051 0.33299995]\n",
      " [0.29849235 0.24908334 0.45242432]\n",
      " [0.26556372 0.28345619 0.45098009]\n",
      " [0.25955462 0.25667931 0.48376607]]\n",
      "dloss: 0.7748771022120314\n",
      "erate: 0.0\n",
      "errors: 0\n",
      "[0 0 0 1 1 1 2 2 2]\n",
      "\n",
      "iteration 16\n",
      "probs:\n",
      " [[0.56875091 0.19745098 0.23379812]\n",
      " [0.53290287 0.2324358  0.23466133]\n",
      " [0.51384306 0.21784449 0.26831245]\n",
      " [0.31226465 0.39476959 0.29296575]\n",
      " [0.26156249 0.43254882 0.3058887 ]\n",
      " [0.27437227 0.39380169 0.33182604]\n",
      " [0.29401609 0.24666267 0.45932124]\n",
      " [0.25985779 0.28264085 0.45750137]\n",
      " [0.25336288 0.25423888 0.49239824]]\n",
      "dloss: 0.7586039352623838\n",
      "erate: 0.0\n",
      "errors: 0\n",
      "[0 0 0 1 1 1 2 2 2]\n",
      "\n",
      "iteration 17\n",
      "probs:\n",
      " [[0.57851625 0.19310036 0.22838339]\n",
      " [0.54099133 0.2295386  0.22947007]\n",
      " [0.52096792 0.21451288 0.2645192 ]\n",
      " [0.30892512 0.4010941  0.28998079]\n",
      " [0.25608332 0.44091109 0.30300559]\n",
      " [0.26954897 0.39986171 0.33058932]\n",
      " [0.2896227  0.24424539 0.46613191]\n",
      " [0.25431531 0.281774   0.46391069]\n",
      " [0.24734291 0.25176666 0.50089043]]\n",
      "dloss: 0.7428370007143587\n",
      "erate: 0.0\n",
      "errors: 0\n",
      "[0 0 0 1 1 1 2 2 2]\n",
      "\n",
      "iteration 18\n",
      "probs:\n",
      " [[0.58802676 0.18885587 0.22311737]\n",
      " [0.5488876  0.22668246 0.22442993]\n",
      " [0.52793862 0.21125337 0.26080801]\n",
      " [0.30561549 0.40738009 0.28700442]\n",
      " [0.25072749 0.44919754 0.30007497]\n",
      " [0.26483835 0.40586731 0.32929434]\n",
      " [0.2853125  0.24183232 0.47285519]\n",
      " [0.24893298 0.28085812 0.4702089 ]\n",
      " [0.24149216 0.24926663 0.5092412 ]]\n",
      "dloss: 0.727558626029853\n",
      "erate: 0.0\n",
      "errors: 0\n",
      "[0 0 0 1 1 1 2 2 2]\n",
      "\n",
      "iteration 19\n",
      "probs:\n",
      " [[0.59728597 0.18471622 0.2179978 ]\n",
      " [0.55659528 0.22386753 0.21953719]\n",
      " [0.53475832 0.20806407 0.25717761]\n",
      " [0.30233747 0.41362374 0.28403879]\n",
      " [0.24549414 0.45740275 0.29710311]\n",
      " [0.26023883 0.41181574 0.32794543]\n",
      " [0.28108545 0.23942452 0.47949003]\n",
      " [0.24370721 0.2798959  0.47639689]\n",
      " [0.2358077  0.24674288 0.51744942]]\n",
      "dloss: 0.7127516674376534\n",
      "erate: 0.0\n",
      "errors: 0\n",
      "[0 0 0 1 1 1 2 2 2]\n",
      "\n",
      "iteration 20\n",
      "probs:\n",
      " [[0.60629779 0.18068006 0.21302215]\n",
      " [0.56411802 0.22109398 0.214788  ]\n",
      " [0.54143013 0.20494327 0.2536266 ]\n",
      " [0.29909249 0.41982162 0.28108589]\n",
      " [0.24038215 0.46552187 0.29409598]\n",
      " [0.25574867 0.41770466 0.32654667]\n",
      " [0.27694127 0.2370232  0.48603552]\n",
      " [0.23863423 0.27889013 0.48247564]\n",
      " [0.2302863  0.24419942 0.52551428]]\n",
      "dloss: 0.6983995117704715\n",
      "erate: 0.0\n",
      "errors: 0\n",
      "[0 0 0 1 1 1 2 2 2]\n",
      "\n",
      "iteration 21\n",
      "probs:\n",
      " [[0.61506642 0.17674594 0.20818764]\n",
      " [0.57145958 0.21836196 0.21017846]\n",
      " [0.54795715 0.20188936 0.2501535 ]\n",
      " [0.29588179 0.42597066 0.27814755]\n",
      " [0.23539018 0.47355058 0.29105924]\n",
      " [0.25136595 0.42353207 0.32510197]\n",
      " [0.27287943 0.23462963 0.49249094]\n",
      " [0.23371015 0.2778436  0.48844625]\n",
      " [0.22492452 0.24164019 0.53343529]]\n",
      "dloss: 0.6844860754659706\n",
      "erate: 0.0\n",
      "errors: 0\n",
      "[0 0 0 1 1 1 2 2 2]\n",
      "\n",
      "iteration 22\n",
      "probs:\n",
      " [[0.62359639 0.17291231 0.2034913 ]\n",
      " [0.57862378 0.21567158 0.20570464]\n",
      " [0.55434247 0.19890079 0.24675674]\n",
      " [0.29270642 0.4320681  0.27522548]\n",
      " [0.23051674 0.48148504 0.28799822]\n",
      " [0.24708867 0.42929624 0.32361509]\n",
      " [0.26889923 0.23224507 0.49885569]\n",
      " [0.22893098 0.27675907 0.49430994]\n",
      " [0.21971876 0.23906894 0.54121229]]\n",
      "dloss: 0.6709958011203812\n",
      "erate: 0.0\n",
      "errors: 0\n",
      "[0 0 0 1 1 1 2 2 2]\n",
      "\n",
      "iteration 23\n",
      "probs:\n",
      " [[0.63189246 0.16917751 0.19893003]\n",
      " [0.58561452 0.21302288 0.20136261]\n",
      " [0.5605892  0.19597607 0.24343472]\n",
      " [0.2895673  0.43811142 0.27232128]\n",
      " [0.22576016 0.48932183 0.28491801]\n",
      " [0.24291473 0.43499566 0.32208961]\n",
      " [0.26499983 0.22987079 0.50512938]\n",
      " [0.22429272 0.27563926 0.50006802]\n",
      " [0.21466531 0.23648927 0.54884542]]\n",
      "dloss: 0.6579136519559652\n",
      "erate: 0.0\n",
      "errors: 0\n",
      "[0 0 0 1 1 1 2 2 2]\n",
      "\n",
      "iteration 24\n",
      "probs:\n",
      " [[0.63995959 0.16553979 0.19450062]\n",
      " [0.59243572 0.21041583 0.19714845]\n",
      " [0.56670043 0.19311375 0.24018582]\n",
      " [0.28646518 0.44409838 0.26943644]\n",
      " [0.22111865 0.49705796 0.28182339]\n",
      " [0.23884198 0.44062908 0.32052895]\n",
      " [0.26118026 0.227508   0.51131174]\n",
      " [0.2197913  0.2744868  0.5057219 ]\n",
      " [0.20976034 0.23390457 0.55633509]]\n",
      "dloss: 0.6452251045301463\n",
      "erate: 0.0\n",
      "errors: 0\n",
      "[0 0 0 1 1 1 2 2 2]\n",
      "\n",
      "iteration 25\n",
      "probs:\n",
      " [[0.64780292 0.16199732 0.19019976]\n",
      " [0.59909135 0.20785036 0.19305829]\n",
      " [0.57267922 0.19031239 0.23700839]\n",
      " [0.28340071 0.45002694 0.26657235]\n",
      " [0.21659034 0.5046908  0.27871887]\n",
      " [0.23486822 0.44619542 0.31893636]\n",
      " [0.25743944 0.22515787 0.51740269]\n",
      " [0.21542271 0.27330423 0.51127306]\n",
      " [0.20499999 0.23131805 0.56368196]]\n",
      "dloss: 0.6329161399799063\n",
      "erate: 0.0\n",
      "errors: 0\n",
      "[0 0 0 1 1 1 2 2 2]\n",
      "\n",
      "iteration 26\n",
      "probs:\n",
      " [[0.65542767 0.15854819 0.18602413]\n",
      " [0.60558539 0.20532632 0.18908829]\n",
      " [0.57852862 0.18757061 0.23390077]\n",
      " [0.28037441 0.45589532 0.26373027]\n",
      " [0.21217323 0.5122181  0.27560867]\n",
      " [0.23099121 0.45169381 0.31731497]\n",
      " [0.2537762  0.22282154 0.52340226]\n",
      " [0.21118294 0.272094   0.51672306]\n",
      " [0.20038034 0.22873271 0.57088695]]\n",
      "dloss: 0.6209732340622326\n",
      "erate: 0.0\n",
      "errors: 0\n",
      "[0 0 0 1 1 1 2 2 2]\n",
      "\n",
      "iteration 27\n",
      "probs:\n",
      " [[0.66283919 0.15519045 0.18197036]\n",
      " [0.61192178 0.20284351 0.18523471]\n",
      " [0.58425166 0.18488703 0.23086131]\n",
      " [0.27738671 0.46170191 0.26091139]\n",
      " [0.20786528 0.51963796 0.27249676]\n",
      " [0.22720873 0.45712355 0.31566773]\n",
      " [0.25018931 0.22050006 0.52931063]\n",
      " [0.207068   0.27085849 0.52207351]\n",
      " [0.1958975  0.22615136 0.57795115]]\n",
      "dloss: 0.6093833462208147\n",
      "erate: 0.0\n",
      "errors: 0\n",
      "[0 0 0 1 1 1 2 2 2]\n",
      "\n",
      "iteration 28\n",
      "probs:\n",
      " [[0.67004286 0.15192209 0.17803505]\n",
      " [0.6181045  0.20040167 0.18149383]\n",
      " [0.58985132 0.18226031 0.22788836]\n",
      " [0.27443792 0.46744531 0.25811677]\n",
      " [0.20366437 0.52694878 0.26938685]\n",
      " [0.22351849 0.46248407 0.31399743]\n",
      " [0.24667749 0.21819443 0.53512808]\n",
      " [0.203074   0.26959994 0.52732606]\n",
      " [0.19154754 0.22357661 0.58487585]]\n",
      "dloss: 0.5981339078811602\n",
      "erate: 0.0\n",
      "errors: 0\n",
      "[0 0 0 1 1 1 2 2 2]\n",
      "\n",
      "iteration 29\n",
      "probs:\n",
      " [[0.6770441  0.14874107 0.17421484]\n",
      " [0.62413744 0.19800051 0.17786205]\n",
      " [0.59533056 0.17968914 0.22498029]\n",
      " [0.2715283  0.4731243  0.2553474 ]\n",
      " [0.19956835 0.53414928 0.26628237]\n",
      " [0.21991826 0.46777499 0.31230675]\n",
      " [0.24323937 0.21590561 0.54085502]\n",
      " [0.19919708 0.26832051 0.53248241]\n",
      " [0.18732659 0.22101091 0.5916625 ]]\n",
      "dloss: 0.5872128101508668\n",
      "erate: 0.0\n",
      "errors: 0\n",
      "[0 0 0 1 1 1 2 2 2]\n",
      "\n",
      "iteration 30\n",
      "probs:\n",
      " [[0.68384831 0.14564532 0.17050637]\n",
      " [0.6300245  0.19563967 0.17433582]\n",
      " [0.60069228 0.17717223 0.22213549]\n",
      " [0.26865799 0.47873785 0.25260416]\n",
      " [0.19557502 0.54123845 0.26318652]\n",
      " [0.21640579 0.47299603 0.31059818]\n",
      " [0.2398736  0.21363445 0.54649195]\n",
      " [0.19543346 0.26702226 0.53754428]\n",
      " [0.1832308  0.21845649 0.59831272]]\n",
      "dloss: 0.576608391078863\n",
      "erate: 0.0\n",
      "errors: 0\n",
      "[0 0 0 1 1 1 2 2 2]\n",
      "\n",
      "iteration 31\n",
      "probs:\n",
      " [[0.6904609  0.14263278 0.16690632]\n",
      " [0.6357695  0.19331879 0.17091171]\n",
      " [0.60593933 0.17470831 0.21935235]\n",
      " [0.26582708 0.48428507 0.24988785]\n",
      " [0.19168216 0.54821557 0.26010227]\n",
      " [0.21297884 0.47814705 0.30887411]\n",
      " [0.23657875 0.21138179 0.55203946]\n",
      " [0.19177945 0.26570715 0.5425134 ]\n",
      " [0.17925637 0.21591542 0.60482821]]\n",
      "dloss: 0.5663094226069056\n",
      "erate: 0.0\n",
      "errors: 0\n",
      "[0 0 0 1 1 1 2 2 2]\n",
      "\n",
      "iteration 32\n",
      "probs:\n",
      " [[0.69688723 0.13970136 0.16341141]\n",
      " [0.64137622 0.19103745 0.16758634]\n",
      " [0.61107454 0.17229614 0.21662931]\n",
      " [0.26303558 0.48976523 0.24719919]\n",
      " [0.18788752 0.55508013 0.25703235]\n",
      " [0.2096352  0.48322803 0.30713677]\n",
      " [0.23335341 0.20914837 0.55749823]\n",
      " [0.18823143 0.26437705 0.54739152]\n",
      " [0.17539955 0.21338963 0.61121082]]\n",
      "dloss: 0.556305097328288\n",
      "erate: 0.0\n",
      "errors: 0\n",
      "[0 0 0 1 1 1 2 2 2]\n",
      "\n",
      "iteration 33\n",
      "probs:\n",
      " [[0.70313261 0.13684899 0.16001841]\n",
      " [0.64684836 0.18879519 0.16435645]\n",
      " [0.61610067 0.16993451 0.21396483]\n",
      " [0.26028345 0.49517775 0.2445388 ]\n",
      " [0.18418886 0.56183189 0.25397925]\n",
      " [0.20637269 0.48823905 0.30538826]\n",
      " [0.23019613 0.20693487 0.562869  ]\n",
      " [0.18478589 0.26303371 0.5521804 ]\n",
      " [0.17165669 0.21088084 0.61746247]]\n",
      "dloss: 0.5465850151524358\n",
      "erate: 0.0\n",
      "errors: 0\n",
      "[0 0 0 1 1 1 2 2 2]\n",
      "\n",
      "iteration 34\n",
      "probs:\n",
      " [[0.70920226 0.13407359 0.15672415]\n",
      " [0.65218958 0.18659156 0.16121887]\n",
      " [0.62102041 0.16762221 0.21135738]\n",
      " [0.25757058 0.50052217 0.24190725]\n",
      " [0.18058393 0.56847078 0.25094529]\n",
      " [0.20318916 0.49318028 0.30363056]\n",
      " [0.22710548 0.20474193 0.56815259]\n",
      " [0.1814394  0.26167881 0.55688178]\n",
      " [0.16802418 0.20839065 0.62358518]]\n",
      "dloss: 0.5371391699596315\n",
      "erate: 0.0\n",
      "errors: 0\n",
      "[0 0 0 1 1 1 2 2 2]\n",
      "\n",
      "iteration 35\n",
      "probs:\n",
      " [[0.71510136 0.13137312 0.15352552]\n",
      " [0.65740344 0.18442605 0.15817051]\n",
      " [0.62583642 0.1653581  0.20880548]\n",
      " [0.25489683 0.50579817 0.239305  ]\n",
      " [0.17707047 0.57499697 0.24793255]\n",
      " [0.20008248 0.498052   0.30186553]\n",
      " [0.22408    0.20257011 0.57334989]\n",
      " [0.17818864 0.26031394 0.56149742]\n",
      " [0.16449849 0.20592049 0.62958102]]\n",
      "dloss: 0.527957936317357\n",
      "erate: 0.0\n",
      "errors: 0\n",
      "[0 0 0 1 1 1 2 2 2]\n",
      "\n",
      "iteration 36\n",
      "probs:\n",
      " [[0.72083497 0.12874554 0.15041949]\n",
      " [0.66249345 0.18229815 0.1552084 ]\n",
      " [0.6305513  0.16314101 0.20630768]\n",
      " [0.25226199 0.51100554 0.23673248]\n",
      " [0.17364626 0.58141079 0.24494295]\n",
      " [0.19705057 0.50285454 0.30009489]\n",
      " [0.22111826 0.20041994 0.57846181]\n",
      " [0.17503036 0.25894058 0.56602905]\n",
      " [0.16107618 0.20347169 0.63545213]]\n",
      "dloss: 0.5190320563185225\n",
      "erate: 0.0\n",
      "errors: 0\n",
      "[0 0 0 1 1 1 2 2 2]\n",
      "\n",
      "iteration 37\n",
      "probs:\n",
      " [[0.72640807 0.12618885 0.14740308]\n",
      " [0.66746303 0.18020733 0.15232964]\n",
      " [0.63516759 0.16096985 0.20386256]\n",
      " [0.24966583 0.51614416 0.23419002]\n",
      " [0.17030907 0.58771271 0.24197822]\n",
      " [0.19409138 0.50758833 0.29832029]\n",
      " [0.21821881 0.19829185 0.58348934]\n",
      " [0.17196144 0.25756015 0.5704784 ]\n",
      " [0.15775391 0.20104541 0.64120068]]\n",
      "dloss: 0.5103526265919647\n",
      "erate: 0.0\n",
      "errors: 0\n",
      "[0 0 0 1 1 1 2 2 2]\n",
      "\n",
      "iteration 38\n",
      "probs:\n",
      " [[0.73182554 0.12370107 0.1444734 ]\n",
      " [0.67231551 0.17815306 0.14953143]\n",
      " [0.63968777 0.1588435  0.20146873]\n",
      " [0.24710806 0.52121403 0.23167791]\n",
      " [0.1670567  0.59390338 0.23903991]\n",
      " [0.19120292 0.51225384 0.29654324]\n",
      " [0.21538023 0.19618626 0.58843351]\n",
      " [0.16897885 0.25617398 0.57484717]\n",
      " [0.15452841 0.1986427  0.64682889]]\n",
      "dloss: 0.5019110855269607\n",
      "erate: 0.0\n",
      "errors: 0\n",
      "[0 0 0 1 1 1 2 2 2]\n",
      "\n",
      "iteration 39\n",
      "probs:\n",
      " [[0.73709213 0.12128024 0.14162763]\n",
      " [0.67705417 0.17613476 0.14681107]\n",
      " [0.64411426 0.1567609  0.19912484]\n",
      " [0.24458838 0.52621525 0.22919637]\n",
      " [0.16388698 0.59998359 0.23612943]\n",
      " [0.18838321 0.51685163 0.29476515]\n",
      " [0.21260112 0.19410352 0.59329536]\n",
      " [0.16607964 0.2547833  0.57913706]\n",
      " [0.15139649 0.1962645  0.65233901]]\n",
      "dloss: 0.4936992007459284\n",
      "erate: 0.0\n",
      "errors: 0\n",
      "[0 0 0 1 1 1 2 2 2]\n",
      "\n",
      "iteration 40\n",
      "probs:\n",
      " [[0.7422125  0.11892447 0.13886303]\n",
      " [0.68168219 0.17415187 0.14416594]\n",
      " [0.64844943 0.15472101 0.19682956]\n",
      " [0.24210646 0.53114797 0.22674558]\n",
      " [0.16079776 0.60595423 0.23324801]\n",
      " [0.18563035 0.52138229 0.29298735]\n",
      " [0.20988008 0.19204393 0.59807598]\n",
      " [0.16326097 0.25338929 0.58334974]\n",
      " [0.14835508 0.19391164 0.65773328]]\n",
      "dloss: 0.48570905685289645\n",
      "erate: 0.0\n",
      "errors: 0\n",
      "[0 0 0 1 1 1 2 2 2]\n",
      "\n",
      "iteration 41\n",
      "probs:\n",
      " [[0.74719119 0.11663187 0.13617695]\n",
      " [0.68620266 0.17220382 0.14159352]\n",
      " [0.65269559 0.15272279 0.19458161]\n",
      " [0.23966191 0.53601244 0.22432565]\n",
      " [0.15778691 0.61181632 0.23039677]\n",
      " [0.18294246 0.52584646 0.29121107]\n",
      " [0.20721574 0.19000776 0.6027765 ]\n",
      " [0.1605201  0.25199306 0.58748684]\n",
      " [0.14540118 0.19158483 0.66301399]]\n",
      "dloss: 0.4779330434795829\n",
      "erate: 0.0\n",
      "errors: 0\n",
      "[0 0 0 1 1 1 2 2 2]\n",
      "\n",
      "iteration 42\n",
      "probs:\n",
      " [[0.75203261 0.1144006  0.13356679]\n",
      " [0.6906186  0.17029004 0.13909136]\n",
      " [0.656855   0.15076526 0.19237975]\n",
      " [0.23725435 0.54080899 0.22193665]\n",
      " [0.15485237 0.61757096 0.22757667]\n",
      " [0.18031772 0.53024483 0.28943745]\n",
      " [0.20460675 0.18799521 0.60739804]\n",
      " [0.15785438 0.25059562 0.59155   ]\n",
      " [0.14253188 0.18928471 0.66818341]]\n",
      "dloss: 0.47036384364594963\n",
      "erate: 0.0\n",
      "errors: 0\n",
      "[0 0 0 1 1 1 2 2 2]\n",
      "\n",
      "iteration 43\n",
      "probs:\n",
      " [[0.75674107 0.11222887 0.13103006]\n",
      " [0.69493296 0.16840992 0.13665712]\n",
      " [0.66092984 0.14884742 0.19022274]\n",
      " [0.23488338 0.545538   0.21957863]\n",
      " [0.15199208 0.62321936 0.22478856]\n",
      " [0.17775435 0.53457812 0.28766754]\n",
      " [0.20205177 0.18600646 0.61194177]\n",
      " [0.15526124 0.24919795 0.59554081]\n",
      " [0.13974437 0.18701182 0.67324381]]\n",
      "dloss: 0.4629944224477962\n",
      "erate: 0.0\n",
      "errors: 0\n",
      "[0 0 0 1 1 1 2 2 2]\n",
      "\n",
      "iteration 44\n",
      "probs:\n",
      " [[0.76132076 0.11011492 0.12856432]\n",
      " [0.69914859 0.1665629  0.13428851]\n",
      " [0.66492227 0.14696833 0.18810941]\n",
      " [0.23254855 0.5501999  0.21725155]\n",
      " [0.14920403 0.6287628  0.22203318]\n",
      " [0.1752506  0.53884708 0.28590233]\n",
      " [0.19954949 0.18404164 0.61640886]\n",
      " [0.15273823 0.24780094 0.59946083]\n",
      " [0.13703593 0.1847666  0.67819747]]\n",
      "dloss: 0.4558180160802439\n",
      "erate: 0.0\n",
      "errors: 0\n",
      "[0 0 0 1 1 1 2 2 2]\n",
      "\n",
      "iteration 45\n",
      "probs:\n",
      " [[0.76577572 0.10805704 0.12616724]\n",
      " [0.70326828 0.16474837 0.13198335]\n",
      " [0.66883436 0.14512704 0.1860386 ]\n",
      " [0.23024943 0.55479519 0.21495538]\n",
      " [0.14648625 0.63420261 0.21931114]\n",
      " [0.17280479 0.54305249 0.28414272]\n",
      " [0.19709864 0.18210086 0.6208005 ]\n",
      " [0.15028296 0.24640543 0.60331161]\n",
      " [0.13440392 0.18254945 0.68304663]]\n",
      "dloss: 0.4488281212027838\n",
      "erate: 0.0\n",
      "errors: 0\n",
      "[0 0 0 1 1 1 2 2 2]\n",
      "\n",
      "iteration 46\n",
      "probs:\n",
      " [[0.77010992 0.10605356 0.12383652]\n",
      " [0.70729471 0.16296577 0.12973953]\n",
      " [0.67266815 0.14332265 0.18400919]\n",
      " [0.22798556 0.55932441 0.21269002]\n",
      " [0.14383681 0.6395402  0.21662298]\n",
      " [0.17041529 0.54719516 0.28238955]\n",
      " [0.19469796 0.18018417 0.62511788]\n",
      " [0.14789313 0.24501221 0.60709466]\n",
      " [0.13184579 0.18036066 0.68779356]]\n",
      "dloss: 0.4420184846488293\n",
      "erate: 0.0\n",
      "errors: 0\n",
      "[0 0 0 1 1 1 2 2 2]\n",
      "\n",
      "iteration 47\n",
      "probs:\n",
      " [[0.77432716 0.10410285 0.12156998]\n",
      " [0.71123051 0.16121449 0.12755501]\n",
      " [0.67642562 0.14155427 0.1820201 ]\n",
      " [0.22575648 0.56378815 0.21045537]\n",
      " [0.14125383 0.64477704 0.21396913]\n",
      " [0.16808049 0.55127592 0.28064359]\n",
      " [0.19234621 0.1782916  0.62936219]\n",
      " [0.14556653 0.243622   0.61081147]\n",
      " [0.12935906 0.17820048 0.69244046]]\n",
      "dloss: 0.43538309348040394\n",
      "erate: 0.0\n",
      "errors: 0\n",
      "[0 0 0 1 1 1 2 2 2]\n",
      "\n",
      "iteration 48\n",
      "probs:\n",
      " [[0.77843118 0.10220333 0.1193655 ]\n",
      " [0.71507823 0.15949395 0.12542782]\n",
      " [0.68010869 0.13982103 0.18007027]\n",
      " [0.22356169 0.56818703 0.20825128]\n",
      " [0.13873546 0.64991463 0.21134992]\n",
      " [0.16579884 0.55529561 0.27890556]\n",
      " [0.19004219 0.17642316 0.63353465]\n",
      " [0.14330104 0.24223548 0.61446348]\n",
      " [0.12694137 0.17606908 0.69698955]]\n",
      "dloss: 0.42891616538662547\n",
      "erate: 0.0\n",
      "errors: 0\n",
      "[0 0 0 1 1 1 2 2 2]\n",
      "\n",
      "iteration 49\n",
      "probs:\n",
      " [[0.78242555 0.10035344 0.11722101]\n",
      " [0.71884034 0.15780358 0.12335608]\n",
      " [0.68371924 0.13812208 0.17815867]\n",
      " [0.22140072 0.57252171 0.20607757]\n",
      " [0.13627989 0.65495449 0.20876562]\n",
      " [0.16356883 0.55925508 0.2771761 ]\n",
      " [0.18778471 0.17457882 0.63763646]\n",
      " [0.1410946  0.24085328 0.61805213]\n",
      " [0.12459042 0.17396659 0.70144299]]\n",
      "dloss: 0.42261213942300013\n",
      "erate: 0.0\n",
      "errors: 0\n",
      "[0 0 0 1 1 1 2 2 2]\n",
      "\n",
      "iteration 50\n",
      "probs:\n",
      " [[0.78631376 0.0985517  0.11513454]\n",
      " [0.72251924 0.15614279 0.12133796]\n",
      " [0.6872591  0.13645659 0.17628431]\n",
      " [0.21927307 0.57679288 0.20393405]\n",
      " [0.13388536 0.6598982  0.20621644]\n",
      " [0.16138899 0.56315521 0.2754558 ]\n",
      " [0.18557264 0.17275853 0.64166882]\n",
      " [0.13894523 0.23947597 0.6215788 ]\n",
      " [0.12230397 0.17189309 0.70580295]]\n",
      "dloss: 0.4164656670871604\n",
      "erate: 0.0\n",
      "errors: 0\n",
      "[0 0 0 1 1 1 2 2 2]\n",
      "\n",
      "iteration 51\n",
      "probs:\n",
      " [[0.79009918 0.09679665 0.11310417]\n",
      " [0.72611726 0.15451103 0.11937171]\n",
      " [0.69073002 0.13482376 0.17444622]\n",
      " [0.21717825 0.58100126 0.20182049]\n",
      " [0.13155016 0.66474736 0.20370248]\n",
      " [0.15925792 0.56699687 0.27374522]\n",
      " [0.18340484 0.17096221 0.64563294]\n",
      " [0.13685104 0.23810409 0.62504487]\n",
      " [0.12007988 0.16984859 0.71007153]]\n",
      "dloss: 0.41047160372553665\n",
      "erate: 0.0\n",
      "errors: 0\n",
      "[0 0 0 1 1 1 2 2 2]\n",
      "\n",
      "iteration 52\n",
      "probs:\n",
      " [[0.79378508 0.09508687 0.11112805]\n",
      " [0.72963665 0.15290771 0.11745564]\n",
      " [0.69413375 0.1332228  0.17264345]\n",
      " [0.21511576 0.58514757 0.19973667]\n",
      " [0.12927262 0.66950356 0.20122382]\n",
      " [0.15717422 0.57078094 0.27204485]\n",
      " [0.18128022 0.16918977 0.64953001]\n",
      " [0.13481018 0.23673815 0.62845167]\n",
      " [0.1179161  0.16783307 0.71425084]]\n",
      "dloss: 0.4046250002645223\n",
      "erate: 0.0\n",
      "errors: 0\n",
      "[0 0 0 1 1 1 2 2 2]\n",
      "\n",
      "iteration 53\n",
      "probs:\n",
      " [[0.7973746  0.09342099 0.10920441]\n",
      " [0.7330796  0.15133229 0.11558811]\n",
      " [0.69747196 0.13165293 0.1708751 ]\n",
      " [0.21308509 0.58923259 0.19768232]\n",
      " [0.1270511  0.67416845 0.19878046]\n",
      " [0.15513656 0.57450831 0.27035513]\n",
      " [0.1791977  0.16744107 0.65336122]\n",
      " [0.1328209  0.23537859 0.63180051]\n",
      " [0.11581061 0.16584647 0.71834292]]\n",
      "dloss: 0.3989210952589385\n",
      "erate: 0.0\n",
      "errors: 0\n",
      "[0 0 0 1 1 1 2 2 2]\n",
      "\n",
      "iteration 54\n",
      "probs:\n",
      " [[0.80087081 0.09179768 0.10733151]\n",
      " [0.73644824 0.14978421 0.11376755]\n",
      " [0.70074629 0.13011342 0.16914029]\n",
      " [0.21108574 0.5932571  0.19565717]\n",
      " [0.12488401 0.67874364 0.19637234]\n",
      " [0.15314364 0.57817987 0.26867649]\n",
      " [0.17715624 0.165716   0.65712776]\n",
      " [0.1308815  0.23402585 0.63509266]\n",
      " [0.11376151 0.1638887  0.7223498 ]]\n",
      "dloss: 0.3933553072500027\n",
      "erate: 0.0\n",
      "errors: 0\n",
      "[0 0 0 1 1 1 2 2 2]\n",
      "\n",
      "iteration 55\n",
      "probs:\n",
      " [[0.80427665 0.09021564 0.10550771]\n",
      " [0.73974461 0.14826292 0.11199246]\n",
      " [0.70395832 0.12860353 0.16743815]\n",
      " [0.2091172  0.59722187 0.19366093]\n",
      " [0.12276982 0.68323079 0.19399939]\n",
      " [0.1511942  0.58179652 0.26700928]\n",
      " [0.17515482 0.16401438 0.6608308 ]\n",
      " [0.12899034 0.23268029 0.63832937]\n",
      " [0.11176692 0.16195962 0.72627346]]\n",
      "dloss: 0.38792322742455415\n",
      "erate: 0.0\n",
      "errors: 0\n",
      "[0 0 0 1 1 1 2 2 2]\n",
      "\n",
      "iteration 56\n",
      "probs:\n",
      " [[0.80759497 0.08867363 0.1037314 ]\n",
      " [0.74297073 0.14676789 0.11026138]\n",
      " [0.70710959 0.12712255 0.16576786]\n",
      " [0.20717898 0.60112772 0.1916933 ]\n",
      " [0.12070701 0.68763153 0.19166146]\n",
      " [0.14928703 0.58535913 0.26535385]\n",
      " [0.17319244 0.16233606 0.6644715 ]\n",
      " [0.12714585 0.23134228 0.64151187]\n",
      " [0.10982506 0.16005908 0.73011586]]\n",
      "dloss: 0.38262061256693297\n",
      "erate: 0.0\n",
      "errors: 0\n",
      "[0 0 0 1 1 1 2 2 2]\n",
      "\n",
      "iteration 57\n",
      "probs:\n",
      " [[0.81082853 0.08717043 0.10200103]\n",
      " [0.74612852 0.14529858 0.1085729 ]\n",
      " [0.71020162 0.12566978 0.1641286 ]\n",
      " [0.20527057 0.60497546 0.18975397]\n",
      " [0.11869412 0.6919475  0.18935837]\n",
      " [0.14742093 0.58886859 0.26371048]\n",
      " [0.17126814 0.16068084 0.66805102]\n",
      " [0.12534652 0.23001214 0.64464135]\n",
      " [0.10793421 0.15818688 0.73387891]]\n",
      "dloss: 0.37744337829467783\n",
      "erate: 0.0\n",
      "errors: 0\n",
      "[0 0 0 1 1 1 2 2 2]\n",
      "\n",
      "iteration 58\n",
      "probs:\n",
      " [[0.81398    0.08570487 0.10031513]\n",
      " [0.74921985 0.14385448 0.10692567]\n",
      " [0.71323585 0.12424456 0.1625196 ]\n",
      " [0.20339147 0.60876592 0.18784261]\n",
      " [0.11672974 0.69618034 0.18708992]\n",
      " [0.14559477 0.59232579 0.26207943]\n",
      " [0.16938098 0.15904853 0.67157049]\n",
      " [0.12359088 0.22869016 0.64771896]\n",
      " [0.1060927  0.15634282 0.73756448]]\n",
      "dloss: 0.3723875925690432\n",
      "erate: 0.0\n",
      "errors: 0\n",
      "[0 0 0 1 1 1 2 2 2]\n",
      "\n",
      "iteration 59\n",
      "probs:\n",
      " [[0.81705194 0.0842758  0.09867226]\n",
      " [0.75224655 0.14243506 0.10531839]\n",
      " [0.71621371 0.12284621 0.16094008]\n",
      " [0.20154118 0.61249992 0.1859589 ]\n",
      " [0.11481249 0.70033166 0.18485585]\n",
      " [0.14380744 0.59573161 0.26046096]\n",
      " [0.16753003 0.15743892 0.67503105]\n",
      " [0.12187755 0.2273766  0.65074585]\n",
      " [0.10429893 0.15452666 0.74117441]]\n",
      "dloss: 0.367449469471256\n",
      "erate: 0.0\n",
      "errors: 0\n",
      "[0 0 0 1 1 1 2 2 2]\n",
      "\n",
      "iteration 60\n",
      "probs:\n",
      " [[0.82004684 0.08288213 0.09707103]\n",
      " [0.75521037 0.14103983 0.10374981]\n",
      " [0.71913657 0.12147411 0.15938932]\n",
      " [0.19971922 0.61617829 0.1841025 ]\n",
      " [0.11294101 0.70440309 0.1826559 ]\n",
      " [0.14205785 0.5990869  0.25885525]\n",
      " [0.16571441 0.15585178 0.6784338 ]\n",
      " [0.12020516 0.22607172 0.65372313]\n",
      " [0.10255135 0.15273815 0.74471051]]\n",
      "dloss: 0.36262536323541555\n",
      "erate: 0.0\n",
      "errors: 0\n",
      "[0 0 0 1 1 1 2 2 2]\n",
      "\n",
      "iteration 61\n",
      "probs:\n",
      " [[0.82296711 0.08152279 0.09551011]\n",
      " [0.75811301 0.13966828 0.10221871]\n",
      " [0.72200579 0.12012762 0.15786659]\n",
      " [0.19792509 0.61980186 0.18227305]\n",
      " [0.11111401 0.70839622 0.18048977]\n",
      " [0.14034496 0.60239255 0.25726249]\n",
      " [0.16393324 0.1542869  0.68177985]\n",
      " [0.11857241 0.22477572 0.65665187]\n",
      " [0.10084847 0.15097701 0.74817452]]\n",
      "dloss: 0.3579117625289679\n",
      "erate: 0.0\n",
      "errors: 0\n",
      "[0 0 0 1 1 1 2 2 2]\n",
      "\n",
      "iteration 62\n",
      "probs:\n",
      " [[0.82581505 0.08019674 0.09398822]\n",
      " [0.76095614 0.13831993 0.10072393]\n",
      " [0.72482265 0.11880614 0.15637121]\n",
      " [0.1961583  0.62337148 0.18047022]\n",
      " [0.10933023 0.71231264 0.17835713]\n",
      " [0.13866777 0.60564939 0.25568283]\n",
      " [0.16218568 0.15274404 0.68507028]\n",
      " [0.11697806 0.22348879 0.65953314]\n",
      " [0.09918886 0.14924296 0.75156819]]\n",
      "dloss: 0.3533052849717691\n",
      "erate: 0.0\n",
      "errors: 0\n",
      "[0 0 0 1 1 1 2 2 2]\n",
      "\n",
      "iteration 63\n",
      "probs:\n",
      " [[0.82859291 0.07890298 0.09250411]\n",
      " [0.76374135 0.13699429 0.09926436]\n",
      " [0.72758843 0.11750907 0.15490249]\n",
      " [0.19441839 0.62688797 0.17869364]\n",
      " [0.10758843 0.71615392 0.17625764]\n",
      " [0.1370253  0.60885829 0.25411641]\n",
      " [0.1604709  0.15122294 0.68830616]\n",
      " [0.1154209  0.22221112 0.66236797]\n",
      " [0.09757113 0.14753569 0.75489318]]\n",
      "dloss: 0.3488026718848658\n",
      "erate: 0.0\n",
      "errors: 0\n",
      "[0 0 0 1 1 1 2 2 2]\n",
      "\n",
      "iteration 64\n",
      "probs:\n",
      " [[0.83130285 0.07764055 0.0910566 ]\n",
      " [0.76647019 0.13569091 0.0978389 ]\n",
      " [0.73030437 0.11623584 0.15345979]\n",
      " [0.19270487 0.63035217 0.17694296]\n",
      " [0.10588743 0.71992162 0.17419095]\n",
      " [0.1354166  0.61202007 0.25256333]\n",
      " [0.15878811 0.14972336 0.69148853]\n",
      " [0.11389977 0.22094286 0.66515737]\n",
      " [0.09599395 0.1458549  0.75815115]]\n",
      "dloss: 0.34440078326026724\n",
      "erate: 0.0\n",
      "errors: 0\n",
      "[0 0 0 1 1 1 2 2 2]\n",
      "\n",
      "iteration 65\n",
      "probs:\n",
      " [[0.83394695 0.07640851 0.08964454]\n",
      " [0.76914418 0.13440931 0.09644651]\n",
      " [0.73297165 0.11498588 0.15204246]\n",
      " [0.19101727 0.63376491 0.17521782]\n",
      " [0.10422607 0.72361727 0.17215666]\n",
      " [0.13384074 0.61513557 0.25102369]\n",
      " [0.15713651 0.14824504 0.69461845]\n",
      " [0.11241355 0.21968414 0.66790231]\n",
      " [0.09445603 0.14420027 0.76134371]]\n",
      "dloss: 0.3400965929431573\n",
      "erate: 0.0\n",
      "errors: 0\n",
      "[0 0 0 1 1 1 2 2 2]\n",
      "\n",
      "iteration 66\n",
      "probs:\n",
      " [[0.83652724 0.07520596 0.0882668 ]\n",
